name: gs-idm
channels:
  - menpo
  - defaults
dependencies:
  - _libgcc_mutex=0.1
  - _openmp_mutex=5.1
  - blas=1.0
  - bzip2=1.0.8
  - c-ares=1.19.1
  - ca-certificates=2024.9.24
  - cairo=1.16.0
  - cyrus-sasl=2.1.28
  - dbus=1.13.18
  - eigen=3.2.7
  - expat=2.6.3
  - ffmpeg=4.2.2
  - fontconfig=2.14.1
  - freetype=2.12.1
  - glib=2.78.4
  - glib-tools=2.78.4
  - gmp=6.2.1
  - gnutls=3.6.15
  - graphite2=1.3.14
  - gst-plugins-base=1.14.1
  - gstreamer=1.14.1
  - harfbuzz=4.3.0
  - hdf5=1.12.1
  - icu=73.1
  - intel-openmp=2023.1.0
  - jpeg=9e
  - krb5=1.20.1
  - lame=3.100
  - ld_impl_linux-64=2.40
  - lerc=3.0
  - libabseil=20240116.2
  - libclang=14.0.6
  - libclang13=14.0.6
  - libcups=2.4.2
  - libcurl=8.9.1
  - libdeflate=1.17
  - libedit=3.1.20230828
  - libev=4.33
  - libffi=3.4.4
  - libgcc-ng=11.2.0
  - libgfortran-ng=11.2.0
  - libgfortran5=11.2.0
  - libglib=2.78.4
  - libgomp=11.2.0
  - libiconv=1.16
  - libidn2=2.3.4
  - libllvm14=14.0.6
  - libnghttp2=1.57.0
  - libopus=1.3.1
  - libpng=1.6.39
  - libpq=12.17
  - libprotobuf=4.25.3
  - libssh2=1.11.0
  - libstdcxx-ng=11.2.0
  - libtasn1=4.19.0
  - libtiff=4.5.1
  - libunistring=0.9.10
  - libuuid=1.41.5
  - libvpx=1.7.0
  - libwebp-base=1.3.2
  - libxcb=1.15
  - libxkbcommon=1.0.1
  - libxml2=2.13.1
  - lz4-c=1.9.4
  - mkl=2023.1.0
  - mkl-service=2.4.0
  - mkl_fft=1.3.10
  - mkl_random=1.2.7
  - mysql=5.7.24
  - ncurses=6.4
  - nettle=3.7.3
  - numpy=1.26.4
  - numpy-base=1.26.4
  - opencv=4.10.0
  - openh264=2.1.1
  - openjpeg=2.5.2
  - openssl=3.0.15
  - pcre2=10.42
  - pixman=0.40.0
  - python=3.9.19
  - qt-main=5.15.2
  - readline=8.2
  - setuptools=75.1.0
  - sqlite=3.45.3
  - tbb=2021.8.0
  - tk=8.6.14
  - wheel=0.44.0
  - x264=1!157.20191217
  - xz=5.4.6
  - zlib=1.2.13
  - zstd=1.5.6
